99
2525 1
2400 5
300 2
120 60
60 90
106063680 1
27937870 3265
1000000000 2
998000000 1
999000000 1
714300742 1
575195117 7323
200000 2
5001 1
5000 7
867419027 1
689030509 9869
569919121 1
528731092 3436
278596383 1
20599072 6790
95307584 1
55751943 1865
491347684 1
128421711 108
22033584 1
8254160 6057
1000000000 2
12345675 3
12345676 2
842152159 1
809772503 4383
712906336 1
347539956 4530
580805190 1
302161745 5155
233313772 1
109194874 8907
692485527 1
433727921 8300
240923941 1
121131305 8579
1000000000 1
1 1
692406040 1
119883917 6004
606572548 1
169053554 5340
296423781 1
281820344 2494
608906709 1
476003216 2629
668689241 1
511431939 1072
975670308 1
277485247 5389
302937092 2
1985679 7583
232253122 6972
692361584 1
208623345 9520
1000000000 1
999999999 10000
842406294 1
5438869 3173
381831495 1
72249396 6403
341276496 1
188249143 8535
1000000000 2
999999997 3
999999998 2
75508730 1
68821638 5002
78353169 1
65861585 6129
198586696 1
69707000 2253
927811796 1
43585166 6037
747631200 1
637526989 1460
806084727 1
524822263 4007
113745279 1
54812553 4874
216318527 1
183859610 1736
1000000000 1
999999999 1
146377788 1
69538115 236
248027848 1
105015924 3144
831861463 1
568886200 6884
1000000000 1
1 10000
2 1
1 1
577799079 1
45554321 5153
885618722 1
312349530 358
353501191 1
219299050 4483
285764903 1
266154004 3146
998779810 1
659038532 399
827280183 1
499027248 326
539459455 1
510562906 1834
285494247 1
14764923 465
751419768 1
472244258 8632
428831950 1
39719226 9686
847718134 1
347355363 7326
127606207 1
79163175 7866
350829398 1
284248868 4045
441410300 1
333867204 8159
818567035 1
719982182 5072
220226698 1
53923354 6071
157030679 1
114801735 3543
389945182 1
92414249 5664
342565636 1
15159133 3922
2 1
1 10000
148032606 1
85608851 3970
650439536 1
388366334 5734
699700125 1
357434081 1826
49724105 1
27676558 7512
286133296 1
201154685 386
479523022 1
54332417 7344
1000000000 2
200 10000
100 10000
40243424 1
29765857 4975
397882306 2
251251052 9583
155902183 1810
878395926 1
699210536 6246
1000000000 2
999999998 3
999999999 2
1000000000 2
999000000 10000
998000000 10000
143996909 1
103149524 1789
850624653 1
632025074 494
221908350 1
194650321 4623
1000000000 2
999999996 3
999999997 2
439617651 1
218494516 3898
426787276 1
265267974 848
794644101 1
189791731 8579
831060633 1
91540877 2069
101770535 1
87252797 1429
998932997 1
482478391 463
441747833 1
276409508 3202
501971136 1
116009442 3722
548794233 1
243366949 2081
516977097 1
134420557 4297
1000000000 2
2 2
1 3
265193999 1
52232146 5156
820371341 1
250189608 2692
187489438 1
64115272 1514
191660504 1
101145396 1477
760780467 1
611627991 6590
