100
6 2 0 2 0 2 0
3 1 0 2 0 0 0
6 2 0 1 1 2 0
4 0 0 2 0 0 2
583 122 105 65 120 108 63
4 1 0 2 0 1 0
8 2 1 2 1 1 1
635 22 185 109 22 188 109
6 2 0 2 1 0 1
468 43 21 172 41 22 169
840 188 209 23 185 212 23
1000 250 0 500 0 250 0
999 250 0 250 0 499 0
6 2 0 3 0 1 0
4 0 0 3 0 0 1
9 3 1 2 0 2 1
5 0 1 2 0 1 1
15 3 2 3 2 3 2
13 3 1 3 2 3 1
760 287 0 189 0 284 0
14 3 1 3 2 3 2
16 3 2 3 2 3 3
4 2 0 1 0 1 0
935 130 129 209 128 131 208
5 2 1 0 0 2 0
3 0 2 0 0 1 0
8 2 0 2 1 2 1
91 27 0 36 0 28 0
643 185 118 20 182 121 17
998 250 0 250 249 0 249
455 8 117 102 7 119 102
557 96 106 77 94 107 77
998 167 166 166 166 167 166
755 322 18 39 320 19 37
7 3 0 2 0 2 0
5 0 2 1 0 2 0
567 211 57 15 210 60 14
970 72 30 384 71 31 382
999 499 0 1 0 499 0
7 0 1 2 0 2 2
3 1 0 1 0 1 0
999 167 166 167 166 167 166
505 81 28 144 80 31 141
5 1 0 3 0 1 0
155 65 2 11 64 5 8
6 0 0 3 0 3 0
7 2 0 2 1 2 0
12 3 1 3 1 3 1
672 128 174 35 125 175 35
5 3 0 0 0 2 0
5 1 1 1 0 2 0
996 250 248 0 248 250 0
1000 0 500 0 0 500 0
258 68 42 19 67 44 18
1000 0 0 499 0 501 0
7 3 0 2 1 0 1
860 34 210 186 33 212 185
1000 499 0 500 0 1 0
1000 334 0 333 0 333 0
4 0 0 1 0 3 0
3 0 0 3 0 0 0
999 0 0 499 0 500 0
7 1 1 2 0 2 1
5 0 2 0 0 3 0
411 87 92 27 86 95 24
959 319 19 141 319 20 141
504 61 105 86 61 107 84
6 2 1 1 0 2 0
4 2 0 1 1 0 0
913 54 0 637 0 222 0
999 332 1 332 1 332 1
1000 500 0 500 0 0 0
555 248 0 262 0 45 0
4 2 0 2 0 0 0
863 7 31 395 4 31 395
6 0 1 3 0 2 0
999 500 0 0 499 0 0
8 2 1 1 1 2 1
304 10 129 14 8 132 11
121 50 3 8 47 6 7
4 0 1 0 0 2 1
231 40 5 71 39 7 69
977 498 0 195 0 284 0
999 333 0 333 0 333 0
8 1 1 2 1 2 1
999 0 500 0 0 499 0
7 0 1 2 1 2 1
997 3 248 249 0 249 248
7 2 0 1 1 3 0
490 35 12 199 32 14 198
7 2 1 0 1 2 1
1000 250 249 2 249 250 0
7 2 1 2 1 0 1
405 48 42 113 47 44 111
999 1 249 250 0 250 249
447 273 0 54 0 120 0
3 2 0 0 1 0 0
999 249 0 250 0 500 0
4 1 0 1 0 2 0
398 2 52 145 2 54 143
