99
6 2 0 2 0 2 0
3 1 0 2 0 0 0
427 201 0 194 0 32 0
976 463 0 22 0 491 0
366 150 0 87 0 129 0
712 1 0 638 0 73 0
361 138 0 153 0 70 0
512 160 0 101 0 251 0
999 250 0 249 0 500 0
264 132 0 9 0 123 0
340 85 0 90 0 165 0
752 236 0 336 0 180 0
28 11 0 10 0 7 0
4 1 0 1 0 2 0
757 190 0 399 0 168 0
999 103 0 442 0 454 0
608 218 0 121 0 269 0
179 87 0 3 0 89 0
838 353 0 92 0 393 0
975 370 0 324 0 281 0
982 426 0 319 0 237 0
696 327 0 94 0 275 0
228 25 0 152 0 51 0
22 7 0 9 0 6 0
702 139 0 350 0 213 0
123 29 0 55 0 39 0
1000 333 0 334 0 333 0
6 0 0 3 0 3 0
541 242 0 57 0 242 0
718 349 0 232 0 137 0
563 249 0 222 0 92 0
3 0 0 0 0 3 0
999 500 0 0 0 499 0
541 115 0 245 0 181 0
975 921 0 5 0 49 0
634 193 0 237 0 204 0
331 41 0 128 0 162 0
993 484 0 202 0 307 0
1000 500 0 500 0 0 0
124 20 0 56 0 48 0
380 87 0 126 0 167 0
527 129 0 141 0 257 0
255 104 0 122 0 29 0
931 304 0 285 0 342 0
500 212 0 162 0 126 0
942 200 0 449 0 293 0
5 1 0 1 0 3 0
942 340 0 355 0 247 0
19 5 0 7 0 7 0
3 1 0 1 0 1 0
1000 499 0 1 0 500 0
101 47 0 11 0 43 0
173 24 0 63 0 86 0
513 195 0 95 0 223 0
5 2 0 3 0 0 0
5 2 0 2 0 1 0
999 333 0 333 0 333 0
978 483 0 26 0 469 0
889 199 0 302 0 388 0
826 260 0 183 0 383 0
4 0 0 2 0 2 0
314 118 0 60 0 136 0
52 0 0 15 0 37 0
197 93 0 73 0 31 0
4 2 0 1 0 1 0
150 70 0 7 0 73 0
800 250 0 215 0 335 0
310 127 0 53 0 130 0
728 180 0 269 0 279 0
750 95 0 346 0 309 0
1000 250 0 500 0 250 0
990 67 0 441 0 482 0
999 499 0 1 0 499 0
317 60 0 152 0 105 0
429 188 0 65 0 176 0
121 35 0 27 0 59 0
777 114 0 288 0 375 0
1000 499 0 0 0 501 0
3 2 0 1 0 0 0
631 274 0 185 0 172 0
931 237 0 230 0 464 0
4 1 0 2 0 1 0
999 250 0 250 0 499 0
603 415 0 89 0 99 0
557 264 0 221 0 72 0
385 191 0 56 0 138 0
7 2 0 3 0 2 0
178 62 0 74 0 42 0
690 203 0 80 0 407 0
6 2 0 1 0 3 0
382 92 0 188 0 102 0
994 77 0 559 0 358 0
439 197 0 108 0 134 0
802 4 0 794 0 4 0
805 104 0 357 0 344 0
512 252 0 41 0 219 0
954 318 0 178 0 458 0
4 0 0 3 0 1 0
865 358 0 147 0 360 0
