100
4 4
1.4000
0.5000 0.7000 0.8000 0.6000
2 2
1.0000
0.0000 0.0000
2 2
0.0000
0.9000 0.8000
2 2
0.1000
0.4000 0.5000
4 4
0.0001
0.0000 0.0000 0.0000 0.0000
45 45
20.9302
0.4079 0.1777 0.3278 0.2333 0.7920 0.9196 0.3061 0.3646 0.2179 0.5425 0.3281 0.7430 0.9013 0.4546 0.0406 0.1755 0.3297 0.2276 0.0238 0.0140 0.8958 0.6353 0.0966 0.9057 0.1652 0.1532 0.6671 0.8291 0.5866 0.3126 0.6160 0.1758 0.1037 0.0417 0.0728 0.1706 0.8899 0.0913 0.3807 0.8592 0.6578 0.6423 0.6554 0.2411 0.6771
4 4
1.3999
0.6000 0.8000 0.7000 0.5000
47 47
19.0592
0.6116 0.3943 0.1212 0.9470 0.0608 0.2870 0.9349 0.0123 0.5729 0.6543 0.4637 0.0312 0.9945 0.1823 0.5248 0.6169 0.6731 0.4509 0.2694 0.0186 0.8584 0.5797 0.3674 0.1474 0.1073 0.3828 0.2471 0.1790 0.5569 0.2357 0.4255 0.8571 0.4436 0.9886 0.8394 0.9038 0.1977 0.7272 0.2763 0.7043 0.2343 0.8360 0.3283 0.0588 0.2508 0.6624 0.4805
47 47
0.5837
0.2976 0.7619 0.5646 0.6248 0.3602 0.8867 0.8283 0.0082 0.5956 0.1457 0.4740 0.6586 0.5373 0.8738 0.8463 0.9918 0.3154 0.7970 0.6696 0.2637 0.3950 0.4186 0.4499 0.9137 0.6131 0.6048 0.7012 0.7167 0.7741 0.9160 0.1213 0.1291 0.8207 0.0304 0.5603 0.3682 0.8003 0.3793 0.8177 0.5064 0.5026 0.7999 0.2916 0.0343 0.4096 0.7335 0.2756
46 46
17.2906
0.7062 0.5458 0.6926 0.2533 0.7919 0.4044 0.8373 0.9698 0.0605 0.8618 0.3921 0.3259 0.0542 0.9966 0.3528 0.5242 0.9074 0.2889 0.2001 0.2332 0.6386 0.1918 0.7343 0.6561 0.2193 0.1858 0.4641 0.4116 0.1376 0.3494 0.7580 0.4466 0.9314 0.4980 0.8396 0.5426 0.7776 0.5970 0.9440 0.1734 0.4688 0.6580 0.4803 0.0861 0.8837 0.4879
49 49
17.1598
0.3703 0.6070 0.3556 0.5803 0.2423 0.7032 0.7551 0.6993 0.6826 0.2430 0.9664 0.9779 0.2636 0.4787 0.3135 0.3756 0.2408 0.5881 0.1247 0.3375 0.0698 0.2505 0.9801 0.9994 0.2518 0.4922 0.5419 0.7812 0.7668 0.4634 0.9903 0.5901 0.1251 0.4913 0.8834 0.0151 0.9344 0.2779 0.5910 0.2304 0.9246 0.8168 0.3263 0.7800 0.8136 0.9989 0.0063 0.9383 0.4292
50 50
18.9537
0.7944 0.8819 0.2243 0.7505 0.2937 0.3492 0.7867 0.6408 0.2623 0.5232 0.6293 0.6115 0.6313 0.7030 0.3582 0.2077 0.0825 0.0146 0.2769 0.8393 0.0778 0.8616 0.3357 0.3432 0.7731 0.6863 0.3237 0.6875 0.7611 0.3553 0.6216 0.7514 0.9645 0.8168 0.8235 0.1529 0.9219 0.8473 0.3587 0.5859 0.0100 0.1525 0.9390 0.1323 0.3960 0.3505 0.1224 0.3310 0.0941 0.4622
1 1
1.0000
0.0000
46 46
16.6861
0.5970 0.1269 0.7065 0.2491 0.7518 0.9941 0.6123 0.3687 0.1766 0.8279 0.0643 0.3667 0.6167 0.1185 0.6530 0.6874 0.6237 0.0952 0.7920 0.4218 0.8318 0.9653 0.2564 0.3186 0.8667 0.5153 0.3635 0.7321 0.3054 0.1035 0.7889 0.4380 0.3845 0.0581 0.9189 0.2189 0.7454 0.5146 0.7401 0.6172 0.0679 0.5634 0.8515 0.5356 0.1300 0.4014
48 48
17.9712
0.2840 0.3292 0.2080 0.5868 0.8941 0.0723 0.1719 0.0810 0.3798 0.8913 0.2603 0.5806 0.9248 0.2258 0.5567 0.4867 0.8628 0.4006 0.4818 0.5669 0.3437 0.7851 0.8812 0.5353 0.4856 0.1534 0.9693 0.4492 0.7305 0.2619 0.4954 0.5262 0.9917 0.0067 0.5368 0.0186 0.6014 0.2709 0.6263 0.2683 0.4702 0.9468 0.3926 0.4635 0.6444 0.6356 0.2829 0.5955
46 46
21.0116
0.2295 0.7841 0.1902 0.3920 0.9745 0.0281 0.4891 0.1814 0.8000 0.4340 0.7303 0.1528 0.6314 0.5866 0.0978 0.1668 0.4058 0.8382 0.7267 0.2484 0.8663 0.3972 0.0393 0.2622 0.3195 0.2069 0.3023 0.3611 0.9911 0.8511 0.1271 0.6484 0.1332 0.7501 0.3786 0.2025 0.0265 0.6218 0.7255 0.1974 0.8330 0.4647 0.3566 0.0560 0.1485 0.4805
47 47
2.2784
0.5550 0.7511 0.1259 0.7939 0.1664 0.5519 0.1305 0.9042 0.3084 0.8278 0.1028 0.1539 0.9917 0.8193 0.3364 0.1427 0.3204 0.4354 0.6852 0.2816 0.1637 0.6587 0.7586 0.8489 0.0708 0.1005 0.4495 0.3553 0.8156 0.1370 0.8419 0.2346 0.6641 0.1902 0.6483 0.9460 0.9963 0.1277 0.9056 0.0239 0.6506 0.3635 0.8840 0.4923 0.9770 0.7958 0.6562
49 49
2.2603
0.2235 0.5165 0.0706 0.4795 0.6047 0.0852 0.7064 0.5509 0.3106 0.2017 0.8561 0.5347 0.6942 0.1160 0.4606 0.7444 0.4856 0.4266 0.4379 0.8378 0.2869 0.5095 0.7481 0.8691 0.1679 0.1329 0.3850 0.7001 0.7809 0.7932 0.3545 0.7961 0.2368 0.7213 0.5352 0.4581 0.8491 0.0739 0.1762 0.6857 0.6125 0.2062 0.5154 0.6873 0.9229 0.5337 0.8354 0.2831 0.7694
50 50
19.7222
0.6279 0.9824 0.3323 0.5234 0.4684 0.9506 0.5489 0.0067 0.9158 0.9047 0.1592 0.1201 0.4640 0.5947 0.5128 0.7117 0.7712 0.7343 0.6437 0.2859 0.4530 0.9557 0.4930 0.7982 0.7059 0.7175 0.3741 0.7752 0.7315 0.1398 0.9778 0.3935 0.8913 0.3385 0.7575 0.6773 0.7623 0.7601 0.4347 0.9743 0.2072 0.1575 0.4681 0.9409 0.7720 0.5952 0.0459 0.2972 0.8263 0.7915
47 47
16.6696
0.5957 0.9131 0.2623 0.6816 0.9717 0.4972 0.7534 0.0854 0.3601 0.4878 0.9111 0.0350 0.5868 0.8304 0.6173 0.0122 0.9066 0.7734 0.3279 0.5575 0.9781 0.9172 0.4877 0.2030 0.8936 0.5550 0.6652 0.4010 0.0236 0.3825 0.4144 0.0559 0.3746 0.5165 0.6118 0.1866 0.4689 0.3450 0.5434 0.8021 0.4139 0.7611 0.6432 0.7805 0.3950 0.3243 0.5423
47 47
23.7872
0.7040 0.8950 0.0250 0.8011 0.9778 0.3979 0.9787 0.8234 0.4935 0.8549 0.1159 0.1477 0.6313 0.0037 0.3716 0.2684 0.7922 0.1639 0.8568 0.1438 0.4064 0.7508 0.1489 0.2430 0.1728 0.2373 0.4635 0.6742 0.3154 0.4021 0.7451 0.3153 0.7108 0.8414 0.8683 0.7285 0.1793 0.1478 0.5030 0.6400 0.3036 0.3378 0.4886 0.2736 0.8848 0.0205 0.1516
50 50
0.0000
1.0000 1.0000 1.0000 1.0000 1.0000 1.0000 1.0000 1.0000 1.0000 1.0000 1.0000 1.0000 1.0000 1.0000 1.0000 1.0000 1.0000 1.0000 1.0000 1.0000 1.0000 1.0000 1.0000 1.0000 1.0000 1.0000 1.0000 1.0000 1.0000 1.0000 1.0000 1.0000 1.0000 1.0000 1.0000 1.0000 1.0000 1.0000 1.0000 1.0000 1.0000 1.0000 1.0000 1.0000 1.0000 1.0000 1.0000 1.0000 1.0000 1.0000
45 45
18.6778
0.1430 0.7903 0.8385 0.2770 0.9640 0.4573 0.5175 0.1552 0.9840 0.8918 0.7617 0.6423 0.5411 0.2206 0.0942 0.8000 0.1143 0.7366 0.2676 0.5205 0.4697 0.7013 0.9037 0.8671 0.9833 0.4064 0.6527 0.2476 0.1546 0.1438 0.6043 0.0262 0.5282 0.7118 0.8519 0.5948 0.1495 0.8071 0.9352 0.4941 0.7922 0.1058 0.5656 0.8749 0.8759
50 50
20.4797
0.2005 0.7896 0.7086 0.5521 0.0262 0.2877 0.9400 0.3262 0.9459 0.5746 0.1412 0.2767 0.2084 0.4515 0.9172 0.2790 0.4325 0.8714 0.3579 0.7234 0.7555 0.3332 0.6575 0.9008 0.6033 0.0772 0.2827 0.3597 0.8910 0.4832 0.0821 0.8612 0.6885 0.2113 0.3488 0.6713 0.8992 0.4881 0.7747 0.6405 0.9172 0.1665 0.4496 0.6611 0.2978 0.4110 0.6077 0.9147 0.0591 0.0736
50 50
15.3611
0.2784 0.5136 0.3296 0.0118 0.9290 0.4215 0.3355 0.6450 0.4379 0.9408 0.4731 0.4156 0.7185 0.7765 0.8157 0.4343 0.4799 0.9996 0.5412 0.8347 0.4444 0.2643 0.8879 0.6445 0.9621 0.4630 0.6294 0.3282 0.2222 0.2320 0.6682 0.2176 0.5792 0.4320 0.9395 0.3743 0.4065 0.8286 0.9522 0.9111 0.2782 0.8529 0.8957 0.4929 0.5495 0.7583 0.9136 0.8695 0.4287 0.4464
49 49
23.0811
0.2248 0.0370 0.4081 0.3127 0.4782 0.7135 0.2993 0.6911 0.9834 0.1488 0.3062 0.3441 0.8988 0.1202 0.4540 0.8732 0.0443 0.0065 0.1279 0.0091 0.6689 0.0297 0.6591 0.2271 0.9904 0.8454 0.8250 0.9576 0.2429 0.5250 0.0480 0.6401 0.5116 0.2699 0.8811 0.5303 0.8083 0.3183 0.6068 0.4586 0.5871 0.3570 0.7205 0.4416 0.3359 0.9765 0.9722 0.3572 0.8402
45 45
17.7411
0.1120 0.0741 0.8136 0.0774 0.5366 0.6504 0.0858 0.4906 0.4550 0.6468 0.6545 0.6569 0.4385 0.8905 0.7689 0.2489 0.7365 0.9451 0.4603 0.0175 0.2227 0.9903 0.2333 0.0822 0.5747 0.7401 0.0165 0.8576 0.0330 0.9739 0.6039 0.6600 0.3960 0.0578 0.1221 0.1571 0.2003 0.9621 0.8325 0.0676 0.3035 0.9670 0.4156 0.8261 0.2728
48 48
23.2789
0.0903 0.4928 0.7585 0.0589 0.7654 0.1494 0.1688 0.9317 0.4181 0.7480 0.0207 0.9527 0.3767 0.9348 0.8940 0.7673 0.3461 0.1099 0.6416 0.1141 0.8777 0.2372 0.9354 0.0555 0.0794 0.4613 0.9720 0.1915 0.1458 0.9379 0.2250 0.0829 0.0111 0.7500 0.3427 0.4069 0.0699 0.4795 0.5622 0.4824 0.2262 0.3115 0.9048 0.7553 0.5348 0.8299 0.7346 0.1303
47 47
15.0438
0.1270 0.4390 0.7041 0.8722 0.3381 0.1668 0.8661 0.9402 0.5941 0.4615 0.6841 0.6621 0.6451 0.9049 0.4112 0.6105 0.1047 0.2870 0.6494 0.4508 0.1815 0.5847 0.7030 0.0700 0.7982 0.4553 0.7452 0.1368 0.4271 0.3806 0.2876 0.3784 0.6560 0.6633 0.9891 0.7799 0.3449 0.3035 0.6670 0.7208 0.5152 0.0410 0.6520 0.7730 0.5320 0.9257 0.0201
50 50
0.0000
0.8765 0.8765 0.8765 0.8765 0.8765 0.8765 0.8765 0.8765 0.8765 0.8765 0.8765 0.8765 0.8765 0.8765 0.8765 0.8765 0.8765 0.8765 0.8765 0.8765 0.8765 0.8765 0.8765 0.8765 0.8765 0.8765 0.8765 0.8765 0.8765 0.8765 0.8765 0.8765 0.8765 0.8765 0.8765 0.8765 0.8765 0.8765 0.8765 0.8765 0.8765 0.8765 0.8765 0.8765 0.8765 0.8765 0.8765 0.8765 0.8765 0.8765
50 50
0.0050
0.9999 0.9999 0.9999 0.9999 0.9999 0.9999 0.9999 0.9999 0.9999 0.9999 0.9999 0.9999 0.9999 0.9999 0.9999 0.9999 0.9999 0.9999 0.9999 0.9999 0.9999 0.9999 0.9999 0.9999 0.9999 0.9999 0.9999 0.9999 0.9999 0.9999 0.9999 0.9999 0.9999 0.9999 0.9999 0.9999 0.9999 0.9999 0.9999 0.9999 0.9999 0.9999 0.9999 0.9999 0.9999 0.9999 0.9999 0.9999 0.9999 0.9999
48 48
19.1780
0.2466 0.5628 0.0290 0.4077 0.7300 0.2130 0.7678 0.7441 0.3468 0.9081 0.3118 0.6823 0.4942 0.1282 0.5933 0.6101 0.7474 0.2871 0.9422 0.0402 0.9019 0.6114 0.1599 0.4193 0.3028 0.5407 0.9792 0.2810 0.2213 0.2469 0.6399 0.6649 0.0560 0.8436 0.0266 0.3087 0.9519 0.7202 0.2626 0.6128 0.9366 0.2717 0.6662 0.3852 0.7748 0.7270 0.3805 0.0711
49 49
16.5170
0.1696 0.6312 0.8159 0.7437 0.3340 0.8733 0.2543 0.9547 0.9727 0.6412 0.8120 0.0724 0.2345 0.7445 0.0318 0.1955 0.8480 0.5817 0.5574 0.9790 0.3377 0.4161 0.7711 0.7948 0.9677 0.3966 0.3252 0.2812 0.4961 0.1923 0.3038 0.5786 0.4988 0.5577 0.4915 0.9856 0.2335 0.1292 0.6255 0.8584 0.7855 0.3730 0.3612 0.4054 0.7824 0.8241 0.6784 0.1543 0.4467
50 50
1.0000
0.0000 0.0000 0.0000 0.0000 0.0000 0.0000 0.0000 0.0000 0.0000 0.0000 0.0000 0.0000 0.0000 0.0000 0.0000 0.0000 0.0000 0.0000 0.0000 0.0000 0.0000 0.0000 0.0000 0.0000 0.0000 0.0000 0.0000 0.0000 0.0000 0.0000 0.0000 0.0000 0.0000 0.0000 0.0000 0.0000 0.0000 0.0000 0.0000 0.0000 0.0000 0.0000 0.0000 0.0000 0.0000 0.0000 0.0000 0.0000 0.0000 0.0000
50 50
22.0094
0.1209 0.2148 0.2767 0.7590 0.6332 0.4167 0.4120 0.2007 0.3867 0.5512 0.2869 0.9686 0.4932 0.6751 0.3692 0.1860 0.6713 0.9703 0.2059 0.2193 0.5933 0.5821 0.7200 0.0903 0.9038 0.5248 0.0676 0.9637 0.0742 0.8220 0.6875 0.1563 0.4566 0.7527 0.6870 0.9460 0.8810 0.7366 0.4796 0.8741 0.7043 0.8461 0.3957 0.1722 0.0946 0.3693 0.5217 0.8292 0.1505 0.5418
49 49
20.0104
0.8132 0.6855 0.8353 0.0342 0.3754 0.7431 0.1243 0.4596 0.2079 0.9595 0.1794 0.9406 0.1536 0.1574 0.4890 0.1161 0.2649 0.1824 0.8826 0.4257 0.6201 0.0771 0.0999 0.5549 0.4378 0.2827 0.7627 0.9422 0.4377 0.9906 0.1935 0.3583 0.6199 0.5825 0.1338 0.9022 0.5620 0.8705 0.4400 0.4816 0.6251 0.0846 0.9571 0.6257 0.4830 0.7405 0.8695 0.3373 0.7100
1 1
0.3333
0.5000
50 50
0.0000
0.3333 0.3333 0.3333 0.3333 0.3333 0.3333 0.3333 0.3333 0.3333 0.3333 0.3333 0.3333 0.3333 0.3333 0.3333 0.3333 0.3333 0.3333 0.3333 0.3333 0.3333 0.3333 0.3333 0.3333 0.3333 0.3333 0.3333 0.3333 0.3333 0.3333 0.3333 0.3333 0.3333 0.3333 0.3333 0.3333 0.3333 0.3333 0.3333 0.3333 0.3333 0.3333 0.3333 0.3333 0.3333 0.3333 0.3333 0.3333 0.3333 0.3333
1 1
0.3333
0.0000
48 48
15.9609
0.9457 0.4586 0.8891 0.8478 0.0440 0.3081 0.8941 0.4731 0.3181 0.7205 0.4973 0.9181 0.2279 0.2315 0.7398 0.4701 0.6275 0.2007 0.1689 0.2868 0.9714 0.0329 0.6477 0.9666 0.7728 0.3803 0.8033 0.8869 0.9128 0.9168 0.5508 0.3788 0.3730 0.0688 0.7948 0.2036 0.6148 0.5413 0.6497 0.3426 0.3309 0.9170 0.7615 0.3504 0.8000 0.5354 0.0122 0.9715
47 47
13.6152
0.2435 0.1988 0.6356 0.6567 0.8930 0.6337 0.5785 0.8257 0.6167 0.5843 0.3270 0.7132 0.8104 0.8140 0.1410 0.8791 0.8510 0.4574 0.3236 0.0752 0.5025 0.3595 0.9210 0.1682 0.9115 0.7990 0.6107 0.8256 0.5281 0.8402 0.9935 0.2810 0.9886 0.7520 0.6880 0.0055 0.1743 0.7327 0.9755 0.5284 0.4294 0.8311 0.2540 0.0770 0.5249 0.6001 0.2065
50 50
22.2717
0.1780 0.5202 0.9113 0.9137 0.3459 0.1594 0.6768 0.6332 0.3200 0.4378 0.2339 0.6618 0.5690 0.6433 0.0233 0.7490 0.9312 0.8830 0.7514 0.0186 0.5476 0.7519 0.9180 0.6673 0.3659 0.5433 0.3534 0.5462 0.4208 0.5161 0.4162 0.9056 0.8445 0.6798 0.2411 0.0289 0.7356 0.9175 0.0498 0.4507 0.4535 0.0051 0.7420 0.8546 0.1589 0.6697 0.7522 0.2715 0.1903 0.9823
47 47
18.7932
0.3686 0.0524 0.5006 0.6533 0.1317 0.2249 0.6308 0.6840 0.0591 0.3369 0.5181 0.9750 0.5888 0.5781 0.8177 0.0100 0.6891 0.9918 0.0613 0.1966 0.5339 0.3262 0.1513 0.9865 0.2069 0.7871 0.3142 0.2419 0.3271 0.7255 0.3205 0.1740 0.0481 0.9614 0.4185 0.7133 0.7346 0.0269 0.7148 0.4674 0.8915 0.6372 0.9204 0.1567 0.0873 0.6761 0.7485
45 45
16.1917
0.4610 0.1984 0.3208 0.6591 0.7154 0.1260 0.8188 0.7095 0.7407 0.5041 0.1902 0.7527 0.3084 0.5127 0.2469 0.4101 0.1961 0.7716 0.0026 0.6891 0.8975 0.7249 0.1726 0.7406 0.8599 0.4245 0.0966 0.4172 0.0446 0.3869 0.6757 0.7865 0.8361 0.3136 0.2776 0.5158 0.4087 0.7400 0.8975 0.0684 0.9411 0.5581 0.7717 0.9541 0.2912
50 50
33.3350
0.3333 0.3333 0.3333 0.3333 0.3333 0.3333 0.3333 0.3333 0.3333 0.3333 0.3333 0.3333 0.3333 0.3333 0.3333 0.3333 0.3333 0.3333 0.3333 0.3333 0.3333 0.3333 0.3333 0.3333 0.3333 0.3333 0.3333 0.3333 0.3333 0.3333 0.3333 0.3333 0.3333 0.3333 0.3333 0.3333 0.3333 0.3333 0.3333 0.3333 0.3333 0.3333 0.3333 0.3333 0.3333 0.3333 0.3333 0.3333 0.3333 0.3333
45 45
17.5664
0.7880 0.3800 0.4735 0.7103 0.6165 0.9570 0.5220 0.8177 0.1465 0.6930 0.3583 0.6638 0.8554 0.2473 0.1043 0.8442 0.0087 0.6347 0.8345 0.8618 0.4178 0.2776 0.5643 0.8874 0.2885 0.1011 0.0678 0.2237 0.0724 0.9882 0.1589 0.1194 0.2481 0.5918 0.9597 0.0949 0.3240 0.3543 0.3652 0.3969 0.8269 0.8489 0.2978 0.8891 0.5407
46 46
15.5382
0.7662 0.1535 0.3038 0.8265 0.1670 0.5253 0.9670 0.5062 0.0528 0.1985 0.8554 0.9682 0.2180 0.2885 0.5951 0.8923 0.5394 0.2601 0.6001 0.6028 0.4519 0.8310 0.1834 0.7269 0.9070 0.3806 0.9896 0.3882 0.4506 0.5838 0.4428 0.8778 0.6157 0.9416 0.3035 0.5080 0.5596 0.0858 0.1939 0.9035 0.7491 0.5650 0.2156 0.6898 0.3466 0.2405
45 45
18.4351
0.2089 0.7478 0.4644 0.5112 0.5570 0.9247 0.5332 0.2333 0.3798 0.2946 0.9021 0.5866 0.5246 0.8291 0.3166 0.2597 0.6520 0.6838 0.3298 0.0514 0.9278 0.7805 0.2105 0.6310 0.6824 0.7533 0.7290 0.3191 0.2176 0.6281 0.1490 0.8934 0.6384 0.5125 0.5688 0.5866 0.1900 0.1998 0.3751 0.5361 0.9760 0.6839 0.2575 0.9398 0.2675
50 50
0.6901
0.7287 0.8871 0.5154 0.7255 0.8764 0.1546 0.7951 0.0857 0.2443 0.1090 0.1224 0.5109 0.7744 0.0507 0.5160 0.6598 0.8733 0.0863 0.2187 0.3158 0.5983 0.9318 0.7205 0.9926 0.3724 0.6986 0.7742 0.1761 0.2215 0.2108 0.8265 0.0770 0.6915 0.3303 0.1842 0.3337 0.0932 0.6759 0.2665 0.9438 0.2791 0.6196 0.8091 0.0539 0.3512 0.9641 0.8928 0.7417 0.3483 0.2683
45 45
15.4632
0.5690 0.0006 0.3424 0.8416 0.1672 0.9454 0.8926 0.6884 0.8248 0.5527 0.8376 0.8141 0.8134 0.9591 0.7595 0.3773 0.2156 0.2789 0.0466 0.4141 0.0399 0.1739 0.9023 0.4087 0.9880 0.4226 0.6243 0.9546 0.3902 0.3335 0.3255 0.8887 0.0169 0.1644 0.0420 0.4572 0.5828 0.4000 0.2164 0.7814 0.3128 0.8665 0.4694 0.8363 0.3985
46 46
15.5168
0.0001 0.4305 0.6155 0.1257 0.6297 0.4907 0.9966 0.1587 0.7422 0.4729 0.0979 0.9466 0.3604 0.7035 0.3588 0.6207 0.4796 0.9173 0.5314 0.7933 0.7468 0.4105 0.3477 0.4959 0.7443 0.1771 0.7310 0.0782 0.9850 0.6912 0.4067 0.9436 0.8539 0.1541 0.8092 0.2196 0.3528 0.9170 0.0134 0.8689 0.0129 0.6529 0.8638 0.6358 0.7742 0.9822
45 45
16.6765
0.6545 0.8442 0.8929 0.3258 0.2397 0.6551 0.0304 0.7166 0.9454 0.7645 0.1596 0.3904 0.1682 0.6571 0.7799 0.1492 0.1083 0.8458 0.6693 0.5103 0.7344 0.6439 0.8494 0.5814 0.6131 0.8233 0.4947 0.8300 0.8699 0.9782 0.9942 0.1714 0.8719 0.0257 0.6533 0.1254 0.7470 0.6676 0.0726 0.3450 0.4955 0.0869 0.2681 0.8435 0.6107
48 48
19.1133
0.9493 0.1976 0.3428 0.2693 0.7293 0.0660 0.1646 0.6007 0.7713 0.6486 0.0487 0.8818 0.7085 0.2608 0.2351 0.5888 0.2312 0.0829 0.1188 0.8012 0.8782 0.8353 0.4929 0.3828 0.3538 0.5401 0.1492 0.9754 0.5005 0.8924 0.1868 0.5745 0.6573 0.0263 0.0054 0.7792 0.3843 0.5837 0.8429 0.6432 0.3657 0.9275 0.6561 0.5148 0.0476 0.4679 0.8875 0.3402
2 2
0.5000
0.5000 0.5000
1 1
0.0000
1.0000
46 46
17.4692
0.3319 0.5908 0.4235 0.2295 0.6401 0.9328 0.5114 0.9878 0.3756 0.5359 0.8338 0.3149 0.9608 0.8914 0.5655 0.1527 0.0314 0.1261 0.9396 0.6606 0.9143 0.3484 0.7006 0.4689 0.2234 0.9841 0.1487 0.6762 0.1242 0.2081 0.7580 0.9922 0.9985 0.4266 0.4282 0.4502 0.5639 0.5998 0.6362 0.1729 0.8228 0.2291 0.6239 0.6479 0.9197 0.7617
46 46
18.9196
0.8483 0.1639 0.4258 0.0659 0.6305 0.0651 0.1631 0.6822 0.0950 0.5651 0.6134 0.2554 0.5513 0.5679 0.1606 0.4257 0.6752 0.3272 0.6596 0.5048 0.5016 0.0974 0.5824 0.6215 0.9263 0.8523 0.6396 0.2420 0.8293 0.0472 0.3597 0.7031 0.2524 0.3032 0.5804 0.2027 0.1176 0.7765 0.1572 0.7513 0.4056 0.4579 0.7209 0.4613 0.0019 0.4845
2 2
0.3333
0.5000 0.5000
50 50
1.0000
0.3333 0.3333 0.3333 0.3333 0.3333 0.3333 0.3333 0.3333 0.3333 0.3333 0.3333 0.3333 0.3333 0.3333 0.3333 0.3333 0.3333 0.3333 0.3333 0.3333 0.3333 0.3333 0.3333 0.3333 0.3333 0.3333 0.3333 0.3333 0.3333 0.3333 0.3333 0.3333 0.3333 0.3333 0.3333 0.3333 0.3333 0.3333 0.3333 0.3333 0.3333 0.3333 0.3333 0.3333 0.3333 0.3333 0.3333 0.3333 0.3333 0.3333
48 48
24.8905
0.0223 0.2366 0.1007 0.9409 0.5690 0.9061 0.6907 0.4498 0.1184 0.9013 0.4318 0.1557 0.2558 0.6684 0.3826 0.7357 0.0966 0.9249 0.1364 0.2944 0.7261 0.9529 0.1770 0.6873 0.3310 0.1426 0.6176 0.6403 0.0321 0.1592 0.4413 0.9053 0.3984 0.3130 0.5457 0.9692 0.3036 0.2377 0.5329 0.3451 0.6307 0.0847 0.5784 0.4878 0.4027 0.2536 0.0674 0.9330
45 45
17.7738
0.3022 0.7110 0.9563 0.8410 0.0867 0.9144 0.1226 0.7569 0.9688 0.7405 0.5091 0.6323 0.5492 0.6760 0.7537 0.8797 0.7510 0.1505 0.8931 0.6011 0.0515 0.4672 0.4917 0.1843 0.8673 0.0243 0.0783 0.6579 0.2093 0.7184 0.2093 0.7280 0.0326 0.9466 0.5500 0.2750 0.2161 0.3581 0.1339 0.2026 0.9587 0.1097 0.2064 0.8642 0.5353
47 47
16.6865
0.6298 0.0801 0.3326 0.8892 0.6828 0.9411 0.6789 0.3235 0.3153 0.6277 0.8347 0.9587 0.5438 0.8883 0.0766 0.3720 0.5780 0.0905 0.6600 0.3955 0.7823 0.1306 0.7522 0.3413 0.1963 0.2585 0.7707 0.4927 0.0399 0.4300 0.5762 0.2154 0.6269 0.1465 0.7558 0.7162 0.2996 0.5173 0.5135 0.2715 0.6841 0.4522 0.4302 0.2999 0.0151 0.9003 0.1058
50 50
21.8539
0.7868 0.3994 0.4528 0.0236 0.3256 0.1795 0.9785 0.0424 0.5932 0.9558 0.2680 0.2530 0.9673 0.5453 0.3408 0.6175 0.3149 0.7951 0.6282 0.4612 0.7932 0.5538 0.2973 0.3969 0.1893 0.4137 0.4478 0.2706 0.0840 0.9998 0.2870 0.8191 0.5369 0.4589 0.1339 0.0479 0.3663 0.9752 0.2761 0.1909 0.6357 0.8616 0.5108 0.6909 0.2079 0.4793 0.3715 0.5901 0.3782 0.7006
50 50
19.7879
0.5737 0.2443 0.1623 0.7485 0.8629 0.1822 0.3321 0.9488 0.3667 0.2213 0.0918 0.4408 0.8413 0.0851 0.8655 0.4850 0.2195 0.2199 0.5752 0.4075 0.6673 0.7776 0.2926 0.0456 0.0678 0.4301 0.0035 0.7491 0.1135 0.9702 0.0136 0.7385 0.5170 0.3833 0.1867 0.6908 0.3571 0.6963 0.7812 0.8872 0.0100 0.0781 0.0612 0.8857 0.2248 0.7612 0.8886 0.3824 0.1910 0.0054
47 47
16.7546
0.3439 0.0601 0.9362 0.1416 0.6875 0.0599 0.0819 0.9491 0.3037 0.0085 0.7687 0.1195 0.3210 0.8729 0.2868 0.9919 0.0563 0.8347 0.1930 0.4785 0.0595 0.4267 0.7986 0.3463 0.2958 0.6575 0.3785 0.5080 0.3894 0.1200 0.2397 0.6926 0.8715 0.5926 0.4284 0.8457 0.9347 0.3059 0.2506 0.9435 0.5178 0.8999 0.3886 0.6078 0.9000 0.4039 0.8506
45 45
14.7883
0.5457 0.8626 0.4132 0.4174 0.1072 0.2558 0.8373 0.8903 0.0876 0.1297 0.4430 0.2219 0.9181 0.3132 0.9898 0.4692 0.0720 0.5241 0.3311 0.2762 0.8589 0.6194 0.7050 0.5815 0.1388 0.7130 0.5444 0.9835 0.9536 0.2653 0.4549 0.9600 0.8227 0.5237 0.7757 0.4417 0.1505 0.4562 0.5000 0.8071 0.8309 0.2806 0.1355 0.2173 0.4588
49 49
20.5324
0.3268 0.6296 0.7163 0.3639 0.3391 0.5497 0.4868 0.9410 0.2409 0.9507 0.7574 0.0914 0.6021 0.7638 0.1009 0.8043 0.8403 0.6351 0.5435 0.3053 0.4096 0.1462 0.4767 0.9380 0.0601 0.0973 0.9121 0.3757 0.0083 0.8318 0.5727 0.1372 0.4739 0.9810 0.2481 0.8522 0.1194 0.1184 0.6638 0.5682 0.8517 0.6264 0.2074 0.2904 0.8647 0.5233 0.6494 0.4712 0.8674
49 49
16.2464
0.0731 0.4379 0.6560 0.1291 0.7911 0.4475 0.5657 0.7918 0.8472 0.1161 0.9178 0.8918 0.4298 0.0000 0.9679 0.5423 0.4522 0.6743 0.2676 0.0696 0.7430 0.3126 0.0316 0.5110 0.8975 0.2735 0.5710 0.5279 0.1117 0.2821 0.5671 0.7222 0.4955 0.1943 0.9503 0.7917 0.1366 0.1161 0.7355 0.6290 0.9468 0.6640 0.0947 0.9963 0.9527 0.1186 0.5467 0.4477 0.4745
48 48
15.9992
0.6171 0.3219 0.6302 0.0993 0.8777 0.3372 0.4958 0.3841 0.3816 0.2423 0.8109 0.8362 0.3087 0.8321 0.7623 0.4473 0.6509 0.4466 0.1615 0.5312 0.7350 0.4603 0.3986 0.1241 0.7808 0.2469 0.6667 0.4207 0.8243 0.8778 0.7751 0.2639 0.1517 0.7857 0.9203 0.5851 0.1672 0.4536 0.4987 0.4754 0.1101 0.2388 0.7471 0.4851 0.1090 0.3572 0.8193 0.9782
50 50
15.5552
0.8182 0.3350 0.4194 0.3620 0.1706 0.4954 0.8899 0.4404 0.6973 0.7424 0.8030 0.1348 0.2174 0.6461 0.6418 0.2007 0.8612 0.5479 0.8126 0.6604 0.8544 0.7590 0.6644 0.7247 0.4584 0.7304 0.3025 0.7287 0.8607 0.5976 0.1941 0.2870 0.4203 0.4271 0.5818 0.6453 0.2983 0.0670 0.8843 0.3214 0.4818 0.7515 0.8397 0.6126 0.9323 0.3849 0.5655 0.6021 0.3765 0.0717
49 49
21.1183
0.0319 0.4846 0.5525 0.0543 0.7328 0.9119 0.0890 0.5430 0.3594 0.4309 0.8148 0.7908 0.3381 0.5083 0.4440 0.6779 0.3666 0.0366 0.2166 0.6570 0.2127 0.5492 0.3221 0.9424 0.2882 0.2366 0.4571 0.5534 0.0789 0.0289 0.2112 0.5569 0.5424 0.6822 0.6424 0.9870 0.6440 0.5865 0.3468 0.8747 0.7130 0.8297 0.2185 0.7321 0.3032 0.2304 0.3749 0.9564 0.4835
50 50
0.0000
0.9999 0.9999 0.9999 0.9999 0.9999 0.9999 0.9999 0.9999 0.9999 0.9999 0.9999 0.9999 0.9999 0.9999 0.9999 0.9999 0.9999 0.9999 0.9999 0.9999 0.9999 0.9999 0.9999 0.9999 0.9999 0.9999 0.9999 0.9999 0.9999 0.9999 0.9999 0.9999 0.9999 0.9999 0.9999 0.9999 0.9999 0.9999 0.9999 0.9999 0.9999 0.9999 0.9999 0.9999 0.9999 0.9999 0.9999 0.9999 0.9999 0.9999
50 50
0.0049
0.9999 0.9999 0.9999 0.9999 0.9999 0.9999 0.9999 0.9999 0.9999 0.9999 0.9999 0.9999 0.9999 0.9999 0.9999 0.9999 0.9999 0.9999 0.9999 0.9999 0.9999 0.9999 0.9999 0.9999 0.9999 0.9999 0.9999 0.9999 0.9999 0.9999 0.9999 0.9999 0.9999 0.9999 0.9999 0.9999 0.9999 0.9999 0.9999 0.9999 0.9999 0.9999 0.9999 0.9999 0.9999 0.9999 0.9999 0.9999 0.9999 0.9999
47 47
14.8613
0.8419 0.9176 0.5248 0.8082 0.9650 0.0521 0.2298 0.0396 0.2458 0.2581 0.7813 0.6803 0.4095 0.7311 0.3229 0.9373 0.8768 0.9651 0.9915 0.9257 0.5145 0.9335 0.8634 0.2622 0.8397 0.6528 0.1479 0.7807 0.6678 0.3151 0.5648 0.1766 0.7522 0.5618 0.5851 0.0809 0.0378 0.9609 0.5347 0.4783 0.9964 0.3254 0.0564 0.3288 0.6014 0.6335 0.6213
45 45
16.4454
0.0530 0.3746 0.1722 0.5202 0.0207 0.6268 0.4176 0.3717 0.0571 0.9110 0.9133 0.3596 0.2041 0.6461 0.3892 0.3099 0.2631 0.9725 0.0694 0.9500 0.5716 0.4659 0.6362 0.9822 0.8580 0.7507 0.9540 0.4887 0.7805 0.9864 0.0616 0.9450 0.4870 0.2757 0.3310 0.7893 0.2810 0.0625 0.2178 0.0901 0.8887 0.8856 0.8081 0.1912 0.0775
50 50
20.8556
0.7073 0.8674 0.1353 0.6241 0.7549 0.6373 0.9198 0.8876 0.8961 0.3134 0.8339 0.5036 0.2798 0.8698 0.3323 0.8572 0.4953 0.2024 0.0823 0.0057 0.1227 0.9375 0.7857 0.1230 0.1947 0.8445 0.4493 0.9226 0.2597 0.9484 0.7416 0.1341 0.1167 0.4160 0.4473 0.1446 0.0312 0.3633 0.2080 0.7388 0.1206 0.3141 0.5082 0.1422 0.3503 0.1321 0.1970 0.6849 0.9382 0.2741
49 49
21.4406
0.5953 0.2016 0.0544 0.1426 0.5351 0.9473 0.0152 0.3632 0.5982 0.4453 0.6326 0.7098 0.0904 0.5456 0.1726 0.9795 0.2391 0.7746 0.7987 0.1841 0.9826 0.9569 0.1588 0.0805 0.5873 0.9108 0.8540 0.7902 0.2661 0.5331 0.6628 0.3138 0.5665 0.5123 0.5864 0.4207 0.6328 0.5095 0.7647 0.8926 0.5393 0.6923 0.9854 0.3534 0.1677 0.5588 0.3605 0.0821 0.1985
45 45
20.6938
0.2846 0.6616 0.9089 0.2844 0.9896 0.2545 0.1015 0.1957 0.3875 0.0528 0.9457 0.5142 0.0373 0.9853 0.1306 0.5848 0.0301 0.1460 0.7046 0.6519 0.6386 0.2450 0.1626 0.8604 0.3169 0.6869 0.5049 0.4043 0.5584 0.3486 0.1035 0.0104 0.6191 0.1914 0.3028 0.6698 0.7987 0.3988 0.0550 0.5974 0.2460 0.6724 0.0533 0.3339 0.6831
50 50
50.0000
0.0000 0.0000 0.0000 0.0000 0.0000 0.0000 0.0000 0.0000 0.0000 0.0000 0.0000 0.0000 0.0000 0.0000 0.0000 0.0000 0.0000 0.0000 0.0000 0.0000 0.0000 0.0000 0.0000 0.0000 0.0000 0.0000 0.0000 0.0000 0.0000 0.0000 0.0000 0.0000 0.0000 0.0000 0.0000 0.0000 0.0000 0.0000 0.0000 0.0000 0.0000 0.0000 0.0000 0.0000 0.0000 0.0000 0.0000 0.0000 0.0000 0.0000
45 45
21.1726
0.6769 0.2862 0.2498 0.0187 0.7107 0.3038 0.2277 0.6368 0.6152 0.0942 0.5945 0.8990 0.3454 0.6599 0.0448 0.4027 0.6439 0.7746 0.4390 0.3540 0.6221 0.6107 0.0162 0.0487 0.6528 0.7433 0.6920 0.3045 0.1639 0.6935 0.7770 0.0268 0.6241 0.1556 0.1710 0.0105 0.8939 0.7938 0.5540 0.1302 0.3987 0.7109 0.4654 0.4096 0.7205
46 46
21.9486
0.2194 0.8935 0.6053 0.8717 0.5792 0.3626 0.6879 0.8082 0.6224 0.2511 0.5892 0.6324 0.0244 0.4517 0.7566 0.9433 0.0653 0.0126 0.4846 0.3664 0.1781 0.7281 0.3120 0.6463 0.0540 0.8242 0.0099 0.5555 0.5222 0.2637 0.4352 0.9361 0.0304 0.4253 0.0479 0.1378 0.4273 0.4648 0.1994 0.8649 0.3801 0.1579 0.8515 0.7127 0.3253 0.1571
49 49
19.9659
0.1610 0.4580 0.9867 0.3517 0.6810 0.7988 0.3863 0.4104 0.1333 0.7601 0.1765 0.1387 0.9502 0.7275 0.1916 0.4010 0.2641 0.1593 0.9647 0.5930 0.2711 0.9517 0.9786 0.4140 0.1359 0.2148 0.8335 0.7322 0.7323 0.2314 0.8274 0.3865 0.1187 0.6791 0.4479 0.6233 0.1893 0.6478 0.9276 0.1546 0.3381 0.4009 0.3544 0.8456 0.6126 0.8026 0.8933 0.0380 0.4484
50 50
21.8841
0.5196 0.0441 0.2187 0.0951 0.2772 0.0359 0.6297 0.7432 0.7881 0.4457 0.7975 0.7680 0.2752 0.0102 0.0341 0.4935 0.1345 0.3597 0.0562 0.3468 0.6142 0.6882 0.6369 0.3217 0.0564 0.4292 0.7088 0.2033 0.4593 0.6337 0.6044 0.6137 0.4240 0.4316 0.8115 0.8182 0.1711 0.3579 0.2589 0.2032 0.5155 0.2393 0.0304 0.7926 0.2795 0.4054 0.5515 0.1269 0.6901 0.3347
46 46
24.4454
0.1304 0.7564 0.1317 0.9111 0.5311 0.0212 0.8768 0.3413 0.4616 0.6987 0.3325 0.0105 0.2662 0.2870 0.1520 0.2730 0.6765 0.0244 0.7570 0.9217 0.5586 0.6709 0.7917 0.3256 0.2098 0.6650 0.9933 0.9430 0.4448 0.7710 0.6109 0.5742 0.4983 0.2323 0.4066 0.8135 0.0410 0.2242 0.5278 0.4203 0.5994 0.0924 0.8425 0.2445 0.4326 0.0236
2 2
0.3333
0.0000 0.0000
46 46
20.9856
0.1265 0.1891 0.1284 0.6550 0.2497 0.6430 0.0781 0.1377 0.6727 0.9293 0.7956 0.9831 0.7439 0.7407 0.2918 0.6190 0.9406 0.9091 0.8502 0.4627 0.0925 0.2312 0.8954 0.8592 0.1337 0.8308 0.0716 0.3505 0.1790 0.6249 0.2669 0.0612 0.3965 0.3585 0.0312 0.3506 0.0775 0.4546 0.8316 0.9382 0.9999 0.3032 0.1391 0.3390 0.5084 0.8165
45 45
9.9673
0.6344 0.5781 0.5062 0.8622 0.5749 0.9229 0.8643 0.6138 0.5966 0.7788 0.9617 0.7828 0.1093 0.8536 0.8867 0.2608 0.9371 0.3505 0.7164 0.2324 0.8943 0.9720 0.7539 0.6722 0.8412 0.9706 0.8457 0.9481 0.2941 0.1068 0.8063 0.2357 0.8359 0.7950 0.9237 0.7559 0.4054 0.6158 0.9437 0.6420 0.1023 0.7876 0.8992 0.8343 0.5113
45 45
19.4962
0.9800 0.5454 0.4393 0.2857 0.1148 0.3804 0.6135 0.7982 0.8747 0.4422 0.7263 0.9271 0.9645 0.0661 0.2115 0.3323 0.7522 0.5073 0.0381 0.2210 0.7930 0.3543 0.7091 0.0293 0.3950 0.7530 0.9611 0.3854 0.5399 0.0844 0.4982 0.7455 0.2760 0.6382 0.5749 0.7282 0.6928 0.5059 0.1449 0.5228 0.9449 0.0454 0.6615 0.0531 0.7107
45 45
3.5904
0.4654 0.3233 0.1824 0.5127 0.1847 0.4031 0.7715 0.9563 0.2361 0.4465 0.4568 0.6942 0.5221 0.1720 0.7976 0.4581 0.3252 0.3880 0.4520 0.1272 0.4244 0.6697 0.3448 0.9111 0.4972 0.5679 0.2414 0.3892 0.3028 0.7248 0.4820 0.8268 0.1036 0.8465 0.7122 0.3324 0.3655 0.8945 0.5776 0.3308 0.3085 0.7398 0.1018 0.8075 0.2692
50 50
20.5962
0.7817 0.2737 0.4043 0.1321 0.5679 0.9180 0.5339 0.7347 0.7253 0.0737 0.9969 0.7285 0.8802 0.2422 0.1195 0.6484 0.1921 0.5112 0.2225 0.4291 0.0262 0.0267 0.2769 0.1675 0.2378 0.2254 0.7614 0.4216 0.5024 0.7862 0.3823 0.8585 0.9237 0.5239 0.0318 0.5502 0.7509 0.3382 0.6859 0.3942 0.6189 0.1682 0.5195 0.8620 0.1641 0.6802 0.9275 0.0393 0.7502 0.0613
1 1
0.5000
0.5000
50 50
0.0000
0.8700 0.8700 0.8700 0.8700 0.8700 0.8700 0.8700 0.8700 0.8700 0.8700 0.8700 0.8700 0.8700 0.8700 0.8700 0.8700 0.8700 0.8700 0.8700 0.8700 0.8700 0.8700 0.8700 0.8700 0.8700 0.8700 0.8700 0.8700 0.8700 0.8700 0.8700 0.8700 0.8700 0.8700 0.8700 0.8700 0.8700 0.8700 0.8700 0.8700 0.8700 0.8700 0.8700 0.8700 0.8700 0.8700 0.8700 0.8700 0.8700 0.8700
50 50
20.5852
0.9840 0.9871 0.3502 0.5364 0.7194 0.9002 0.3489 0.2584 0.4861 0.1635 0.8092 0.1602 0.4642 0.0101 0.7571 0.1779 0.5106 0.3557 0.0443 0.7295 0.5579 0.8315 0.6689 0.8885 0.3637 0.6364 0.1314 0.5917 0.3234 0.3353 0.1831 0.1632 0.4825 0.5185 0.3230 0.0266 0.9411 0.5451 0.9010 0.3465 0.0476 0.1763 0.9922 0.1147 0.8506 0.5730 0.7817 0.0905 0.4505 0.2246
50 50
16.7993
0.3618 0.1676 0.3178 0.5970 0.9316 0.4800 0.8324 0.8195 0.7918 0.8753 0.2821 0.4575 0.6578 0.9333 0.3233 0.5624 0.1886 0.2485 0.1673 0.8650 0.6291 0.1141 0.8315 0.5955 0.5925 0.3661 0.2117 0.5748 0.2036 0.3494 0.1668 0.5342 0.1549 0.9931 0.4069 0.4428 0.7302 0.8845 0.5494 0.1308 0.7611 0.6409 0.5073 0.4337 0.8342 0.4767 0.9044 0.9228 0.7932 0.5685
49 49
25.3469
0.3300 0.7191 0.0002 0.2101 0.4161 0.6186 0.3701 0.9601 0.6480 0.0364 0.9389 0.7725 0.2030 0.3437 0.1232 0.3896 0.1704 0.8425 0.9587 0.1051 0.3788 0.1352 0.7322 0.6421 0.7516 0.6065 0.1005 0.7340 0.3660 0.5019 0.3276 0.4505 0.1173 0.4886 0.5940 0.2093 0.5823 0.8914 0.9480 0.3018 0.0800 0.0459 0.4327 0.6539 0.2455 0.3945 0.2068 0.4473 0.2225
49 49
26.2609
0.9718 0.3104 0.3407 0.1042 0.3462 0.1794 0.9902 0.9014 0.2449 0.7863 0.8739 0.0645 0.7631 0.6419 0.4198 0.8776 0.2453 0.2513 0.0503 0.8094 0.5340 0.7219 0.2289 0.4775 0.0073 0.0265 0.1537 0.7594 0.6638 0.6348 0.4669 0.5718 0.4162 0.5296 0.0742 0.3012 0.2376 0.1734 0.3978 0.3316 0.6436 0.1648 0.2354 0.0585 0.5204 0.4566 0.6018 0.0832 0.0606
48 48
20.6659
0.6542 0.0474 0.0611 0.0849 0.6858 0.7268 0.3026 0.2981 0.1478 0.9977 0.1723 0.4634 0.5502 0.5460 0.1658 0.9866 0.2133 0.4698 0.5281 0.7487 0.2707 0.2823 0.5436 0.9394 0.4900 0.0534 0.0300 0.2195 0.0733 0.6442 0.7704 0.5581 0.0527 0.2357 0.2661 0.1950 0.3561 0.4086 0.3853 0.6576 0.8107 0.4826 0.3033 0.4301 0.5974 0.8900 0.6311 0.4285
45 45
14.8763
0.3919 0.3072 0.4452 0.8901 0.8183 0.1379 0.7597 0.0546 0.4388 0.0168 0.3790 0.1414 0.6558 0.9085 0.4602 0.8177 0.5548 0.3011 0.3722 0.4268 0.0157 0.9197 0.8139 0.1998 0.2886 0.9253 0.1571 0.7267 0.6199 0.9636 0.9795 0.0941 0.6033 0.3759 0.9736 0.1955 0.5379 0.3425 0.9265 0.2130 0.6958 0.9338 0.7896 0.6092 0.3818
2 2
0.0000
1.0000 1.0000
50 50
0.0000
0.0000 0.0000 0.0000 0.0000 0.0000 0.0000 0.0000 0.0000 0.0000 0.0000 0.0000 0.0000 0.0000 0.0000 0.0000 0.0000 0.0000 0.0000 0.0000 0.0000 0.0000 0.0000 0.0000 0.0000 0.0000 0.0000 0.0000 0.0000 0.0000 0.0000 0.0000 0.0000 0.0000 0.0000 0.0000 0.0000 0.0000 0.0000 0.0000 0.0000 0.0000 0.0000 0.0000 0.0000 0.0000 0.0000 0.0000 0.0000 0.0000 0.0000
