100
1 1
540 600
840 900
2 0
900 1260
180 540
1 1
1439 1440
0 1
2 0
626 704
704 1031
0 1
861 1440
2 0
202 453
84 202
2 0
932 1440
721 932
0 1
279 732
2 0
827 1320
1320 1440
2 0
300 519
223 300
0 1
239 262
1 1
1396 1440
1073 1297
0 2
540 900
180 540
1 0
125 343
2 0
309 353
353 797
1 0
908 1231
1 0
1338 1440
0 2
224 316
1260 1440
0 2
626 778
1265 1363
0 2
1425 1440
1026 1425
0 2
541 901
180 540
2 0
42 48
223 461
0 2
1348 1440
1168 1348
2 0
600 715
715 1159
2 0
593 962
342 593
2 0
801 1098
690 737
2 0
967 1079
1393 1440
0 2
245 603
960 1163
2 0
673 1022
1022 1176
2 0
1439 1440
0 1
0 1
1397 1440
1 1
0 1
1439 1440
1 1
1185 1440
584 666
2 0
1080 1430
11 361
2 0
10 360
1080 1430
2 0
865 892
892 1440
0 2
156 343
975 1440
2 0
971 1440
802 971
0 2
1080 1440
11 361
1 1
797 870
870 1440
0 2
1343 1440
780 1343
2 0
1319 1440
1296 1319
2 0
10 360
1079 1429
2 0
0 360
1079 1429
0 1
887 1188
1 1
1395 1440
113 379
0 2
1403 1440
1230 1403
0 2
820 1042
1042 1312
2 0
771 801
801 1195
2 0
0 360
1080 1430
1 1
501 559
324 501
1 0
1003 1440
2 0
1380 1440
692 1257
0 2
1080 1440
10 360
2 0
971 1093
1093 1374
1 0
24 241
0 1
54 477
2 0
1095 1440
799 1095
2 0
585 696
1330 1440
0 1
24 600
2 0
1424 1440
1004 1424
2 0
919 1183
488 919
0 2
424 469
469 903
2 0
602 979
510 602
0 2
828 857
696 828
1 1
1124 1440
962 1096
2 0
407 637
637 1042
0 2
204 862
862 879
2 0
145 185
140 145
2 0
594 616
616 789
0 2
1184 1318
1318 1440
1 1
277 402
402 514
0 2
1080 1440
0 360
2 0
956 1254
1254 1355
1 0
1104 1440
2 0
820 886
886 1440
1 0
871 1209
2 0
1301 1416
37 476
1 0
883 1440
2 0
737 791
1062 1440
0 2
1439 1440
0 1
2 0
1090 1281
829 926
1 0
1001 1209
0 1
401 560
1 1
172 249
1040 1104
0 2
179 539
540 900
1 0
820 1440
0 1
988 1440
2 0
1174 1440
74 454
0 1
1299 1440
0 1
412 416
0 2
736 1248
498 532
2 0
616 850
1114 1230
0 2
340 483
483 736
2 0
1317 1440
1063 1317
0 2
1067 1186
1186 1440
2 0
1115 1292
1292 1440
2 0
690 1129
484 690
1 0
794 1440
0 1
657 832
