1000
61 9 64
35 68 35
51 52 94
24 64 84
83 88 33
28 9 52
51 57 31
90 14 81
88 98 54
32 81 7
17 79 13
82 2 69
10 34 82
19 78 93
47 53 21
1 7 59
13 55 55
85 33 65
52 90 42
53 48 96
23 7 57
54 36 40
55 94 1
91 63 31
72 40 83
82 47 46
5 20 37
85 16 71
64 82 82
44 35 57
12 7 78
43 82 22
41 5 75
48 16 37
19 32 69
92 31 9
76 47 70
70 42 40
26 20 90
10 5 43
11 45 47
4 45 66
10 9 17
17 17 24
19 57 99
6 10 20
34 29 37
27 61 19
73 81 29
12 72 83
76 45 72
37 33 18
66 96 69
91 24 30
95 61 13
38 18 74
77 65 16
20 62 88
46 65 73
14 36 81
98 29 77
28 13 37
55 48 15
96 100 18
5 98 52
42 33 8
45 62 57
79 48 76
38 42 11
35 73 75
53 22 1
94 30 5
4 92 13
61 87 41
53 70 66
71 86 34
66 19 66
49 37 81
73 29 39
88 98 52
44 52 32
45 54 78
56 92 59
88 17 100
82 28 71
70 57 74
65 19 26
10 87 38
32 60 75
8 20 80
48 64 69
17 69 21
2 42 20
36 32 85
22 54 16
13 35 36
66 90 100
35 29 87
36 93 63
20 18 1
8 3 76
24 8 15
17 42 4
23 79 47
84 30 23
99 95 91
77 46 25
10 67 92
21 88 44
18 56 55
11 73 54
7 34 65
27 81 7
28 14 70
22 28 37
65 77 35
21 6 39
67 23 25
16 97 9
58 20 9
47 71 80
39 43 22
96 28 17
78 22 46
14 65 87
38 27 52
3 8 88
15 72 4
12 71 89
73 41 26
32 67 10
59 31 96
71 35 27
59 75 32
61 11 97
38 100 15
53 46 81
96 55 72
1 28 70
72 96 80
13 9 38
98 31 67
23 68 11
26 26 94
27 97 67
11 72 92
27 65 77
82 79 96
44 5 97
33 20 79
58 20 22
18 13 17
6 90 7
35 97 48
23 34 79
93 6 84
54 13 86
87 20 40
78 53 78
87 57 12
74 3 72
43 58 83
73 9 85
56 44 57
51 34 61
51 16 83
15 27 85
8 58 1
93 92 92
93 28 75
1 45 6
24 81 77
73 94 45
59 72 79
4 57 29
83 83 38
7 55 85
28 44 77
3 53 40
77 83 32
82 77 39
21 57 20
61 56 2
69 3 81
40 67 34
40 79 88
84 24 17
75 40 70
29 16 45
12 59 63
55 94 47
33 34 86
78 3 72
52 68 11
73 60 73
96 97 9
37 26 33
51 7 31
6 74 68
16 81 32
31 86 25
79 31 94
67 83 21
100 91 18
12 83 57
3 98 22
7 33 36
93 37 34
95 44 79
13 21 19
57 61 15
99 60 89
55 99 81
27 5 38
75 96 31
67 56 15
45 24 72
31 3 8
6 27 73
97 40 88
45 24 7
57 41 42
70 44 46
20 28 98
73 4 82
55 94 27
92 7 98
5 5 86
0 34 29
80 60 28
49 35 2
53 66 72
29 23 13
87 37 36
90 58 66
64 88 26
96 80 66
16 81 80
92 82 14
28 46 55
13 9 61
25 12 74
39 12 84
56 87 92
11 83 30
85 85 71
94 73 33
23 36 86
16 86 46
59 60 85
2 21 41
54 18 72
45 83 96
7 52 70
75 46 17
1 69 27
18 22 25
86 75 33
33 18 17
18 61 15
30 65 81
66 15 25
14 72 37
99 70 27
72 83 63
79 13 6
100 39 9
84 63 23
85 2 99
63 73 6
5 66 37
48 48 69
4 84 60
75 18 61
93 62 88
63 90 6
37 33 85
33 56 65
65 39 45
36 64 15
5 97 10
71 75 75
17 75 28
59 22 76
7 38 80
4 90 64
87 12 14
38 36 53
50 20 90
83 77 98
28 81 52
73 43 35
82 45 77
22 75 38
4 80 61
24 57 9
83 53 23
79 87 63
62 17 11
55 98 32
29 42 62
24 89 95
14 98 61
0 39 48
16 58 27
84 63 8
1 97 39
63 18 95
72 21 28
63 39 40
61 65 100
17 46 54
94 20 21
6 53 79
23 21 97
81 53 85
10 72 100
17 78 67
71 81 41
91 86 32
100 90 10
57 10 21
67 43 16
50 96 59
21 17 22
95 92 84
18 66 28
76 9 32
59 75 48
67 3 26
78 31 43
93 40 71
51 36 99
4 38 5
81 58 33
13 78 5
7 56 41
90 24 63
72 73 82
60 100 78
17 2 33
91 2 12
75 63 74
78 12 26
19 71 93
83 62 4
40 5 31
20 98 70
68 45 5
34 14 7
46 60 37
31 43 35
23 76 96
32 74 85
82 35 76
50 22 39
31 80 31
98 28 93
34 85 73
22 88 73
33 58 9
84 26 67
32 77 66
32 38 20
35 45 55
9 67 98
85 93 63
97 7 12
62 48 83
68 47 78
15 19 12
6 54 76
7 84 22
100 87 47
97 48 53
38 91 22
34 99 40
100 33 89
47 2 34
51 66 33
37 43 86
77 41 62
97 40 45
30 94 18
78 92 39
62 59 95
94 30 67
54 83 44
25 68 86
41 85 26
51 82 15
95 20 58
33 39 73
2 32 95
53 85 73
83 98 82
18 75 8
58 16 65
100 89 79
30 83 16
3 83 27
17 32 44
59 82 94
45 38 11
44 60 67
54 47 14
22 61 99
95 11 94
99 41 62
16 66 96
2 100 54
67 45 63
52 36 12
25 40 82
4 86 31
100 91 95
16 35 59
9 67 78
68 6 13
47 27 41
7 54 41
23 100 5
21 60 67
2 64 93
47 74 14
0 55 55
15 73 20
84 75 56
44 68 69
33 36 11
13 64 42
6 97 77
37 54 52
76 27 10
41 62 75
14 60 30
77 61 9
91 35 47
84 90 42
72 98 89
84 1 80
90 48 65
76 87 22
99 97 98
41 97 37
24 60 67
65 91 93
4 99 34
2 47 93
39 68 89
100 74 54
4 78 15
98 96 13
38 4 40
8 44 91
73 44 1
73 100 14
76 23 47
42 4 54
80 70 89
13 15 91
85 84 21
80 65 25
60 81 24
6 56 93
49 22 17
90 70 34
42 93 63
67 53 15
41 88 72
91 77 4
36 98 27
36 69 53
59 46 2
46 100 80
4 64 27
75 2 67
82 24 95
45 94 28
16 43 68
11 78 3
68 31 60
67 14 93
8 31 78
37 87 8
66 17 16
58 86 97
12 3 26
25 54 15
3 82 67
3 22 39
29 94 95
26 63 84
42 8 52
5 100 52
32 15 55
30 15 68
37 56 98
27 6 1
84 98 55
78 71 68
16 93 89
19 59 93
100 37 76
7 83 47
49 34 10
62 46 8
11 32 65
69 96 28
46 54 18
99 58 92
37 3 58
88 56 9
8 92 17
53 90 67
96 33 27
16 20 69
38 55 3
34 68 35
100 1 1
33 12 86
15 14 85
69 62 92
88 17 98
31 30 58
51 32 31
81 45 30
29 75 87
32 47 87
20 56 46
14 10 10
26 92 27
100 66 7
91 54 60
91 47 20
89 42 1
52 44 12
29 35 24
76 78 55
16 96 54
41 32 82
82 32 14
43 54 4
1 42 57
45 39 23
25 2 9
10 55 4
50 82 26
95 29 87
46 38 10
15 40 98
81 3 94
100 70 91
84 5 4
21 63 84
63 5 13
100 47 93
38 73 58
55 71 19
2 96 76
37 29 63
38 6 39
10 19 4
100 98 41
5 36 8
15 28 37
15 74 4
59 30 79
52 69 42
58 27 76
96 46 59
42 33 100
100 61 33
8 78 93
30 61 23
5 4 81
5 77 3
38 13 28
16 86 48
25 55 35
78 56 13
66 75 25
28 95 98
5 47 66
85 13 84
99 99 99
41 12 92
54 12 86
19 8 1
4 8 40
4 62 87
48 19 14
23 7 3
86 7 52
60 34 72
51 9 46
97 96 54
70 67 75
36 12 28
83 25 47
75 76 37
38 2 57
37 77 96
90 63 36
10 34 81
73 79 96
35 35 60
52 10 20
14 33 90
99 3 95
58 12 24
12 8 16
31 83 25
50 22 62
83 39 80
33 24 78
12 72 15
61 63 52
12 55 55
51 37 95
78 21 43
92 55 47
34 44 91
97 70 4
24 24 77
43 41 16
52 71 98
1 54 73
40 31 94
91 59 33
87 21 91
66 22 24
31 9 89
60 57 42
97 18 34
37 13 100
44 71 96
100 84 72
0 15 62
25 17 18
55 2 71
35 99 22
76 77 73
2 20 12
7 72 10
73 35 23
100 23 20
28 100 1
96 67 6
1 95 53
61 95 87
84 74 99
9 100 8
86 22 44
95 59 36
19 77 96
16 54 82
11 99 92
1 87 21
99 61 22
82 56 91
47 25 9
19 41 36
20 56 69
60 2 68
77 46 98
85 70 9
39 62 100
83 12 56
91 88 3
72 36 27
16 53 10
75 18 15
48 86 21
98 4 46
91 10 23
88 64 68
73 66 59
22 45 39
58 36 22
21 89 97
55 58 79
81 13 32
53 52 65
5 34 58
17 81 100
80 46 30
36 41 40
84 58 8
100 9 27
86 15 32
75 52 73
80 74 70
82 19 81
100 60 84
14 81 78
86 82 81
45 12 15
74 29 63
66 98 21
19 77 72
81 64 71
87 66 72
8 34 45
58 63 62
52 33 14
15 87 67
9 78 90
79 70 92
86 25 64
31 40 41
46 59 25
64 16 62
20 14 88
96 46 9
98 22 42
33 61 4
89 8 11
100 64 45
47 66 68
25 74 22
59 96 91
70 87 37
92 80 87
56 22 38
23 74 80
31 11 66
56 48 75
32 98 7
21 94 36
29 71 99
96 23 79
66 25 14
94 29 61
91 25 16
60 29 94
61 29 41
89 86 90
96 95 29
60 98 27
19 90 69
45 61 96
44 62 13
86 89 75
79 48 79
51 39 32
91 5 25
54 86 32
54 6 54
16 12 2
12 24 3
35 43 32
89 11 13
27 23 13
70 29 55
68 23 92
69 74 98
47 68 48
39 62 18
20 2 14
34 72 75
43 47 33
57 52 31
45 19 56
91 41 56
49 78 52
94 24 53
94 30 1
86 33 83
26 57 61
46 60 87
70 93 6
42 67 14
19 7 99
90 77 46
75 36 52
69 44 38
100 54 94
93 85 66
32 96 39
32 46 61
0 10 42
78 28 94
44 95 98
97 44 64
48 59 23
12 39 71
50 42 68
55 47 53
0 89 69
23 35 44
96 44 13
13 63 44
63 97 5
22 34 52
73 81 87
22 20 89
42 65 78
65 83 43
48 46 58
21 99 3
57 98 14
45 39 5
62 67 78
75 30 25
17 73 94
38 18 100
60 24 94
22 42 25
5 95 26
65 81 74
11 69 57
2 57 53
24 29 11
35 62 33
25 23 43
76 7 28
52 96 17
4 79 33
2 93 86
3 96 47
31 9 97
37 92 57
80 78 67
79 69 11
54 28 35
79 6 20
70 25 2
76 70 22
74 24 4
34 66 96
41 35 64
28 95 81
95 24 55
23 70 19
37 65 24
100 35 40
1 23 28
93 61 47
90 78 19
13 98 74
76 41 73
84 79 64
23 1 19
67 10 77
81 4 75
58 58 81
20 46 23
74 86 67
87 70 20
86 14 22
83 81 21
79 100 64
38 4 1
35 87 31
50 22 86
37 24 17
49 97 30
41 98 74
2 67 55
51 61 55
25 18 17
53 97 9
37 59 59
49 60 88
4 47 1
15 81 30
68 94 26
49 11 58
43 19 26
49 86 5
55 65 61
65 89 98
13 62 100
20 73 91
23 89 93
52 27 3
0 92 67
38 3 52
20 24 95
7 78 53
82 93 96
74 13 7
11 60 98
59 19 85
5 21 40
31 11 98
93 94 28
53 6 61
75 69 6
55 82 52
16 79 40
54 7 5
84 71 12
34 98 65
98 100 65
100 27 67
28 53 36
9 77 77
12 25 45
56 61 7
43 86 20
32 10 75
75 53 41
4 11 83
42 73 40
84 48 1
90 67 82
100 63 3
42 35 78
7 13 96
55 55 17
57 75 37
85 73 67
3 89 85
34 92 25
51 65 58
70 91 100
71 8 8
49 79 11
70 16 5
9 70 2
50 45 96
87 5 14
12 85 59
51 46 69
13 66 1
52 79 95
22 41 17
29 21 89
52 39 2
76 86 17
49 48 55
62 24 38
71 52 15
66 26 38
45 3 87
65 69 32
81 38 96
65 88 97
41 48 10
75 56 53
97 24 78
62 57 13
76 85 40
68 55 29
78 23 25
6 36 66
90 22 23
33 17 14
2 48 25
61 11 30
82 87 30
53 5 47
61 53 3
21 84 62
59 89 41
80 25 64
98 80 87
52 71 59
96 31 25
30 9 85
88 40 84
41 20 71
51 61 95
93 8 68
25 24 95
34 74 94
63 93 100
84 79 48
23 17 75
75 93 5
0 99 43
60 68 69
58 18 38
79 7 62
67 5 11
64 85 30
99 13 4
6 90 18
0 44 99
30 44 90
95 85 81
56 65 95
9 10 84
84 79 77
94 54 91
82 97 70
48 62 3
68 85 59
54 84 77
21 80 63
21 66 14
33 44 96
50 58 100
58 91 89
41 54 55
47 92 81
77 75 10
54 70 59
