1000000010201	1000000010209	1000000010227	1000000010249	1000000010263	1000000010281	1000000010287
1000000010309	1000000010377	1000000010389	1000000010411	1000000010431	1000000010447	1000000010479	1000000010483	1000000010489	1000000010491
1000000010509	1000000010549	1000000010563	1000000010689	1000000010719	1000000010749	1000000010761	1000000010777	1000000010827	1000000010857
1000000010903	1000000010909	1000000010921	1000000010923	1000000010941	1000000011007	1000000011019	1000000011041	1000000011067	1000000011079
1000000011091	1000000011103	1000000011113	1000000011121	1000000011151	1000000011169	1000000011191	1000000011217	1000000011229	1000000011239
1000000011323	1000000011347	1000000011371	1000000011383	1000000011397	1000000011403	1000000011419	1000000011641	1000000011679	1000000011709
1000000011733	1000000011737	1000000011781	1000000011823	1000000011833	1000000011893	1000000011911	1000000011919	1000000011929	1000000011937
1000000011943	1000000011949	1000000011977	1000000012051	1000000012093	1000000012097	1000000012127	1000000012139	1000000012147	1000000012157
1000000012169	1000000012183	1000000012201	1000000012211	1000000012217	1000000012273	1000000012279	1000000012313	1000000012337	1000000012367
1000000012379	1000000012387	1000000012393	1000000012409	1000000012433	1000000012441	1000000012477	1000000012481	1000000012493	1000000012519
1000000012559	1000000012577	1000000012589	1000000012597	1000000012619	1000000012633	1000000012643	1000000012679	1000000012709	1000000012777
1000000012789	1000000012819	1000000012877	1000000012903	1000000012919	1000000012933	1000000012961	1000000013029	1000000013039	1000000013099
1000000013101	1000000013119	1000000013147	1000000013149	1000000013209	1000000013249	1000000013303	1000000013339	1000000013377	1000000013399
1000000013413	1000000013431	1000000013437	1000000013443	1000000013491	1000000013503	1000000013531	1000000013569	1000000013591	1000000013599
1000000013609	1000000013611	1000000013629	1000000013633	1000000013641	1000000013657	1000000013669	1000000013681	1000000013687	1000000013707
1000000013743	1000000013759	1000000013797	1000000013807	1000000013819	1000000013869	1000000013933	1000000013941	1000000013959	1000000014001
1000000014007	1000000014077	1000000014107	1000000014121	1000000014151	1000000014157	1000000014173	1000000014187	1000000014203	1000000014227
1000000014271	1000000014283	1000000014311	1000000014323	1000000014353	1000000014367	1000000014401	1000000014407	1000000014421	1000000014439