100
2 1
500 300
900
660
2 1
500 300
1500
809
2 2
50 100
450 449
1100 1101
2 1
500 300
300
500
1 8
10
11 13 17 11 16 14 12 18
1 5
235412
675724 890597 877680 999864 821398
2 8
2 7
4800 1290 1029 4649 360 4569 900 2675
9151 16800 16872 3850 3843 16828 4521 1540
1 7
3
2934 2706 2504 2970 2430 2477 2917
1 8
2
360 200 987 1540 645 846 1200 1708
1 7
8
20826 19958 21625 18000 19738 19984 19976
1 2
454252
901817 709225
2 5
78558 136887
790200 961638 999137 608726 868833
446690 915924 850560 996958 827523
2 4
3 3
9 19 6 27
6 9 19 33
1 4
6
28 6 39 18
1 2
40422
794924 899100
1 8
4
20 24 34 36 22 16 12 4
2 2
76618 283823
660422 589412
931498 960251
2 6
8 10
5034 18480 11497 9790 3200 7253
14639 6256 4000 12803 9196 18900
1 2
9
15390 20567
2 8
3 7
7215 7215 7185 6531 6511 7283 7548 7953
16525 17617 16835 16765 15835 17034 17491 15183
2 8
63893 24637
648316 960633 861684 717106 458274 981696 999237 944230
937643 962371 275350 443114 839464 258156 845311 938143
1 6
10
11011 12345 11612 12000 12553 13200
2 5
2 5
740 738 794 788 828
1919 2128 1985 1845 2255
1 2
1
1427 1269
2 6
1 1
8 7 5 4 11 8
4 9 5 7 8 8
2 3
6 10
553 8385 9082
13530 15573 925
2 6
212897 124936
935475 980899 920400 636778 825792 643185
958496 428416 998139 919321 961303 441039
2 1
8 2
8
2
2 8
6 4
66 6 54 41 24 28 30 11
8 22 27 4 20 16 36 44
2 5
4 5
1634 1714 1478 1600 1760
2000 1800 1851 1995 2170
2 1
4 10
1228
2814
1 4
1
1 11 1 1
2 6
302474 293578
455554 875915 912649 997588 859231 920992
674195 393323 451619 787679 292139 986691
1 8
1
710 450 625 107 300 206 800 392
1 1
9
99
1 6
3
2595 2400 2274 2640 2178 2290
1 1
7
664
1 7
5
38 15 5 23 9 55 15
1 8
1
1500 1618 1350 1591 1650 1500 1451 1431
1 8
5
5088 1389 10551 1500 6300 1086 3752 6500
2 6
7 7
747 630 683 749 735 700
770 755 762 700 710 669
1 4
5
5400 5969 6316 5990
1 6
9
1867 5576 899 4096 2700 3960
1 2
10
1856 942
2 8
1 8
1 1 2 5 5 7 11 7
8 56 16 36 37 56 8 72
2 1
9 3
8523
2960
2 6
10 1
10747 11873 11960 12210 11457 10980
999 1072 1073 1193 1000 1098
2 8
783 273278
973579 961613 482649 842805 994229 683746 779571 620736
999990 870916 835602 948187 571225 489378 512757 806916
2 8
1 1
1000000 999999 999998 999997 999996 999995 999994 999993
999992 999991 999990 999989 999988 999987 999986 999985
1 3
9
9 9 9
1 7
149740
940049 786397 611756 431138 935417 958352 879047
2 2
578156 234743
379747 999157
476101 945432
1 3
1000000
899999 900001 900000
1 6
7
1890 2100 2123 2262 2034 1946
2 2
2 2
10 8
10 8
1 4
10
22 79 110 19
2 8
1 6
1 1 9 1 1 1 9 1
6 66 6 6 66 6 6 6
1 7
9
48 36 67 9 35 67 81
2 7
4 9
2530 2388 2426 2237 2566 2160 2477
5058 5620 5056 5940 5373 5448 5551
1 2
6
7560 9075
2 1
1 6
1
6
2 8
10 4
6971 3000 5400 1805 4211 1100 8000 5204
3200 2726 2162 1470 1200 782 360 2640
1 1
8
817
2 1
5 9
9935
16859
1 3
9
6480 7556 7484
2 2
10 10
16026 17600
14400 17498
1 3
305178
381469 955481 911768
2 8
299697 156395
912962 843130 697281 606316 651517 860397 483425 975897
920409 651002 706562 965450 938737 300395 533780 286182
2 6
10 9
2700 2015 4602 6000 1000 3612
2970 4100 3816 900 5400 1800
2 8
8 8
14960 19581 9082 11332 11834 5040 7200 20000
12240 7200 9259 11277 18598 6160 20000 12302
2 8
7 5
5479 1400 700 4900 2937 4492 1961 3150
2083 3500 1432 460 2750 1000 3871 3225
1 5
3
1628 5534 5700 5241 2640
2 2
8 8
1600 1760
1600 1440
2 8
9 1
4740 4417 4707 4730 4131 4491 4271 4527
499 455 503 535 503 561 495 463
1 1
3
3025
1 1
8
9486
2 7
8 6
3862 2526 4800 5737 800 2880 1609
2640 1834 2967 3600 1162 4091 600
1 1
10
24452
1 2
2
1153 828
2 8
7 6
11200 11200 10436 10984 12085 11593 10080 11736
8951 9600 9600 10560 9517 10412 9282 9769
2 8
436864 11309
893077 756483 622159 612428 521960 670485 526966 887714
995973 957751 458730 646637 968675 895931 956041 844120
1 6
2
200 200 196 204 223 180
2 2
6 5
1200 633
1000 460
2 1
10 4
8000
3200
1 8
10
6 1 3 2 7 8 5 4
1 6
21243
911150 354988 692037 604077 593017 999689
2 8
6 6
5630 5014 4860 5270 4860 4948 5448 5400
5761 5940 5930 5940 5400 4973 5050 5676
1 6
7
1260 4494 1962 3670 2800 760
1 3
1
2375 2502 2627
2 7
99957 100010
880913 220821 828661 996402 966304 990674 667711
611689 839582 947549 127852 832713 574416 741635
2 4
3 2
316 1154 900 653
211 600 406 783
2 8
5 6
500 468 4396 12650 4074 10104 450 7122
12386 5266 600 561 5283 12420 660 8015
2 2
6 10
660 1200
2000 900
1 2
5
14 55
1 1
1
6
2 8
3 4
3 27 3 33 3 3 3 3
4 4 4 4 4 4 36 44
2 6
1 4
2640 2519 2402 2320 2447 2639
9966 9086 9175 10372 9608 8640
1 6
6
33 18 42 6 54 6
1 8
3
1937 1800 1853 1800 1729 1655 1888 1620
2 4
10 10
16200 6351 23579 12924
24449 19800 12149 6712
